0080006f
0480006f
00400113
00000013
30511073
00800093
00000013
30009073
000011b7
80018193
00000013
30419073
0040006f
01000213
03000293
00520333
00602023
405083b3
fedff06f
30401073
12300793
33300813
00f848b3
30419073
30200073
00000013
00000013
00000013
0080006f
0480006f
00400113
00000013
30511073
00800093
00000013
30009073
000011b7
80018193
00000013
30419073
0040006f
01000213
03000293
00520333
00602023
405083b3
fedff06f
30401073
12300793
33300813
00f848b3
30419073
30200073
00000013
00000013
00000013
